[?25l[0m [38;2;0;0;0m     [0m [38;2;27;22;18m▂[38;2;31;22;17m▄[38;2;40;27;18m▅[38;2;51;37;26m▅[38;2;34;26;20m▅[38;2;39;30;22m▅[38;2;38;28;20m▄[38;2;36;30;24m▂[38;2;27;28;26m▂        [0m
 [38;2;0;0;0m   [0m [38;2;39;31;23m▗[38;2;43;33;25;48;2;16;19;19m▇[38;2;49;35;25;48;2;33;22;15m▝[38;2;45;31;21;48;2;29;19;13m╲[38;2;40;26;18;48;2;45;30;20m▎[38;2;30;19;13;48;2;18;12;9m▝[38;2;34;23;16;48;2;25;17;11m╵[38;2;29;19;12;48;2;24;15;10m▚[38;2;38;26;17;48;2;27;17;11m━[38;2;47;32;21;48;2;33;22;14m┗[38;2;46;32;22;48;2;29;19;13m▖[0m[7m[38;2;26;23;19m▝[0m [38;2;14;20;20m      [0m
 [38;2;0;0;0m   [7m[38;2;25;32;32m▊[0m[38;2;40;32;24;48;2;30;21;14m▘[38;2;53;34;23;48;2;29;20;13m▁[38;2;62;42;30;48;2;24;16;11m▁[38;2;40;28;20;48;2;22;14;10m━[38;2;24;16;11;48;2;43;30;21m▅[38;2;40;30;23;48;2;23;16;12m╱[38;2;14;10;7;48;2;30;21;14m▖[38;2;29;19;13;48;2;39;26;17m▌[38;2;48;33;23;48;2;33;21;14m▂[38;2;39;25;16;48;2;47;32;21m┺[38;2;41;26;16;48;2;30;20;13m▂[38;2;23;16;11;48;2;34;23;16m▅[0m[38;2;19;18;15m▋      [0m
 [38;2;0;0;0m   [7m[38;2;26;28;25m▋[0m[38;2;127;94;73;48;2;41;29;20m▗[38;2;190;144;116;48;2;113;79;60m▅[38;2;213;168;141;48;2;129;91;72m▆[38;2;221;180;155;48;2;99;67;50m▅[38;2;196;152;127;48;2;63;40;29m▅[38;2;189;141;113;48;2;57;37;27m▃[38;2;184;138;111;48;2;56;35;25m▃[38;2;177;131;105;48;2;63;41;28m▄[38;2;193;149;122;48;2;82;54;38m▅[38;2;191;146;119;48;2;95;64;46m▄[38;2;165;123;97;48;2;82;58;41m▄[38;2;90;66;49;48;2;30;21;14m▖[38;2;38;30;22;48;2;21;19;16m▄[0m [38;2;9;18;19m     [0m
 [38;2;0;0;0m   [38;2;44;42;36m▝[38;2;79;57;42;48;2;177;132;106m▍[38;2;200;152;122;48;2;213;166;138m▍[38;2;226;185;159;48;2;221;176;150m▝[38;2;229;187;165;48;2;233;199;178m▆[38;2;230;188;163;48;2;231;194;170m▅[38;2;232;191;166;48;2;227;187;159m▇[38;2;232;189;164;48;2;231;191;166m┎[38;2;232;190;165;48;2;225;180;154m▇[38;2;229;191;166;48;2;228;188;162m┛[38;2;224;183;157;48;2;213;172;145m▌[38;2;202;158;131;48;2;192;147;120m▌[38;2;157;117;92;48;2;83;61;45m▍[0m[38;2;45;35;26m▉      [0m
 [38;2;0;0;0m   [0m [38;2;88;55;46;48;2;153;118;100m▍[38;2;124;86;65;48;2;191;149;128m━[38;2;145;110;91;48;2;218;177;155m▅[38;2;162;120;98;48;2;228;192;172m▄[38;2;204;159;133;48;2;231;193;170m▖[38;2;228;187;162;48;2;235;197;175m▄[38;2;179;132;107;48;2;217;176;153m┎[38;2;140;100;79;48;2;202;164;144m┳[38;2;141;96;74;48;2;194;157;137m━[38;2;162;116;92;48;2;201;159;137m━[38;2;146;104;82;48;2;186;144;120m╸[38;2;180;137;111;48;2;99;73;54m▍[38;2;184;128;107;48;2;94;61;48m▄[0m[38;2;114;77;68m▍     [0m
 [38;2;0;0;0m    [7m[38;2;185;142;123m▎[0m[38;2;203;157;134;48;2;147;105;87m▅[38;2;199;155;136;48;2;102;87;79m▅[38;2;194;145;128;48;2;137;104;92m▅[38;2;183;137;117;48;2;207;158;136m▘[38;2;222;175;152;48;2;205;153;129m▊[38;2;196;145;122;48;2;202;154;133m▝[38;2;211;166;148;48;2;151;127;114m▆[38;2;210;168;149;48;2;92;80;73m▆[38;2;216;170;148;48;2;159;114;95m▆[38;2;206;161;135;48;2;192;149;124m▋[38;2;149;109;87;48;2;193;148;123m╹[38;2;166;101;82;48;2;189;132;111m╱[0m[38;2;131;105;96m▎     [0m
 [38;2;0;0;0m    [38;2;191;149;131m▝[38;2;204;156;135;48;2;219;168;146m▍[38;2;224;176;155;48;2;220;169;147m▊[38;2;213;160;138;48;2;200;145;124m▌[38;2;176;127;112;48;2;208;154;135m▁[38;2;192;139;122;48;2;216;161;142m▁[38;2;196;137;119;48;2;203;148;128m━[38;2;211;157;136;48;2;229;182;159m▖[38;2;224;172;146;48;2;234;189;168m▁[38;2;233;190;170;48;2;223;178;156m▋[38;2;211;167;142;48;2;196;153;130m▌[0m[7m[38;2;192;147;123m▗[38;2;163;124;107m▄[0m [38;2;0;0;0m     [0m
 [38;2;0;0;0m     [7m[38;2;180;141;119m▎[0m[38;2;201;154;126;48;2;214;166;137m╾[38;2;175;114;98;48;2;207;155;135m▃[38;2;216;166;146;48;2;189;124;112m━[38;2;218;166;146;48;2;199;134;121m━[38;2;186;107;100;48;2;209;156;138m▃[38;2;181;107;97;48;2;214;167;149m▃[38;2;192;145;125;48;2;212;165;139m╴[38;2;222;172;143;48;2;210;164;135m▌[38;2;202;160;134;48;2;190;148;124m▊[0m[38;2;179;144;121m▌       [0m
 [38;2;0;0;0m     [38;2;113;91;77m▝[38;2;101;78;64;48;2;177;137;113m▁[38;2;193;133;114;48;2;211;164;136m▝[38;2;199;129;116;48;2;215;161;140m▘[38;2;228;175;150;48;2;217;151;137m▃[38;2;224;176;152;48;2;212;141;130m▄[38;2;220;175;148;48;2;203;142;123m▆[38;2;206;159;128;48;2;223;178;151m▗[38;2;205;157;125;48;2;204;157;126m╴[38;2;203;161;132;48;2;192;152;125m▚[0m[38;2;177;142;117m▋       [0m
 [38;2;0;0;0m      [0m [38;2;88;72;62;48;2;184;144;119m▎[38;2;168;129;105;48;2;210;161;137m▃[38;2;167;128;106;48;2;220;173;152m▂[38;2;175;134;111;48;2;219;173;152m▂[38;2;192;149;122;48;2;217;173;148m▄[38;2;208;170;140;48;2;200;155;125m▂[38;2;210;171;141;48;2;200;156;126m▅[38;2;210;168;140;48;2;211;173;144m╷[0m[38;2;197;158;130m▊[0m  [38;2;1;5;5m     [0m
 [38;2;0;0;0m     [38;2;9;16;22m▗[7m[38;2;10;13;16m▘[0m[38;2;13;10;9;48;2;177;142;116m▎[38;2;183;147;120;48;2;197;161;134m▝[38;2;208;171;144;48;2;178;139;111m▇[38;2;222;185;159;48;2;193;153;123m▇[38;2;221;186;160;48;2;214;176;148m▇[38;2;222;188;162;48;2;215;179;151m▃[38;2;224;190;165;48;2;218;180;153m▄[38;2;220;187;162;48;2;216;181;154m▅[38;2;196;157;128;48;2;210;176;149m▝[38;2;13;13;14;48;2;146;112;91m▝[38;2;5;5;5;48;2;12;12;12m┈[38;2;5;8;10;48;2;5;7;9m┊[0m[38;2;12;15;18m▆[38;2;16;22;27m▖  [0m
[?25h